13198
13253
13272
13375
13377
13462
13698
13771
13827
13912
13917
13938
14033
14093
14175
14273
14307
14315
14431
14432
14480
14491
14520
14591
14604
14645
14669
14709
14774
14780
14895
14920
14986
15003
15057
15091
15166
15178
15200
15216
15238
15268
15282
15366
15378
15380
15478
15490
15522
15549
15560
15571
15583
15607
15609
15630
15634
15671
15677
15683
15773
15782
15799
15819
15823
15840
15845
15849
15859
15890
15928
15952
15987
16011
16014
16015
16017
16020
16043
16058
16076
16084
16092
16094
16103
16107
16135
16142
16156
16173
16177
16192
16219
16233
16241
16250
16300
16301
16311
16320
16323
16329
16343
16351
16386
16394
16398
16414
16422
16447
16452
16463
16479
16484
16499
16519
16526
16536
16542
16544
16554
16572
16575
16579
16586
16593
16594
16599
16618
16621
16634
16640
16643
16668
16672
16676
16677
16680
16681
16684
16694
16695
16715
16723
16728
16732
16742
16748
16765
16768
16781
16790
16791
16793
16803
16809
16816
16823
16833
16853
16863
16893
16900
16903
16904
16906
16907
16908
16909
16911
16918
16920
16942
16959
16972
16992
16999
17001
17002
17015
17023
17026
17031
17032
17044
17049
17053
17056
17072
17098
17099
17108
17110
17135
17136
17141
17145
17157
17164
17173
17181
17189
17196
17203
17205
17209
17211
17223
17228
17235
17243
17244
17248
17253
17254
17260
17263
17264
17270
17273
17274
17275
17277
17279
17305
17306
17317
17349
17350
17359
17361
17363
17368
17380
17381
17389
17393
17395
17397
17399
17404
17407
17409
17410
17411
17412
17424
17430
17434
17437
17439
17444
17454
17455
17457
17458
17463
17469
17471
17479
17481
17486
17495
17497
17505
17508
17509
17513
17518
17525
17527
17529
17532
17537
17540
17545
17551
17556
17562
17566
17567
17571
17580
17585
17597
17598
17605
17607
17609
17612
17616
17621
17622
17628
17634
17635
17637
17646
17647
17648
17650
17651
17652
17656
17660
17664
17668
17673
17675
17680
17684
17690
17694
17696
17697
17698
17703
17708
17709
17710
17717
17718
17724
17726
17728
17738
17743
17747
17748
17750
17754
17755
17757
17773
17775
17781
17784
17787
17797
17798
17799
17800
17801
17804
17806
17807
17809
17810
17812
17814
17815
17816
17819
17831
17839
17843
17845
17847
17849
17852
17859
17860
17862
17863
17867
17869
17873
17878
17881
17882
17885
17886
17887
17888
17890
17892
17897
17898
17902
17903
17907
17908
17910
17914
17917
17922
17926
17929
17930
17931
17937
17938
17939
17940
17942
17945
17947
17948
17950
17954
17955
17958
17959
17961
17962
17963
17967
17968
17971
17973
17974
17975
17985
17987
17989
17991
17998
18002
18004
18006
18008
18013
18016
18020
18021
18022
18024
18028
18029
18031
18033
18034
18041
18042
18053
18057
18058
18060
18062
18063
18064
18065
18067
18070
18071
18073
18074
18079
18080
18083
18084
18085
18088
18094
18097
18098
18104
18107
18110
18116
18118
18119
18120
18121
18123
18124
18125
18129
18130
18132
18136
18137
18138
18143
18145
18147
18148
18151
18154
18155
18156
18160
18161
18163
18165
18172
18176
18180
18181
18183
18188
18189
18192
18199
18202
18203
18208
18211
18213
18219
18220
18221
18224
18226
18228
18230
18235
18236
18238
18239
18242
18247
18248
18251
18252
18253
18255
18258
18262
18264
18265
18267
18268
18269
18270
18271
18274
18277
18279
18280
18286
18288
18290
18293
18295
18300
18301
18304
18305
18310
18311
18312
18316
18317
18318
18321
18322
18324
18326
18327
18328
18330
18331
18332
18334
18337
18338
18339
18340
18341
18343
18344
18345
18346
18347
18348
18349
18351
18354
18356
18358
18359
18360
18361
18362
18363
18364
18365
18366
18367
18370
18371
18372
18374
18376
18377
18381
18382
18383
18384
18386
18387
18388
18392
18393
18396
18397
18401
18403
18404
18405
18406
18407
18409
18410
18411
18416
18417
18419
18420
18421
18425
18426
18427
18428
18429
18430
18431
18433
18434
18435
18436
18438
18439
18440
18441
18444
18445
18446
18447
18449
18451
18457
18458
18459
18461
18462
18466
18467
18468
18470
18472
18473
18474
18475
18476
18478
18480
18482
18484
18487
18492
18493
18496
18497
18498
18499
18502
18503
18504
18506
18508
18509
18511
18513
18514
18516
18517
18518
18520
18521
18524
18526
18528
18530
18532
18534
18536
18538
18539
18540
18542
18545
18546
18547
18548
18549
18550
18551
18553
18554
18556
18558
18560
18561
18563
18564
18565
18569
18570
18571
18572
18576
18578
18583
18584
18592
18593
18595
18597
18598
18599
18600
18601
18603
18604
18605
18609
18611
18613
18614
18615
18616
18618
18619
18620
18621
18622
18623
18624
18625
18627
18628
18629
18630
18631
18632
18633
18635
18636
18637
18638
18639
18640
18641
18644
18645
18647
18648
18649
18650
18652
18653
18654
18655
18656
18657
18658
18660
18661
18662
18663
18664
18665
18666
18668
18669
18670
18671
18672
18673
18674
18675
18676
18677
18678
18679
18680
18681
18682
18683
18684
18685
18686
18687
18688
18689
18690
18691
18692
18693
18694
18695
18696
18697
18698
18699
18700
18701
18702
18703
18704
18705
18706
18707
18708
18709
18711
18712
18713
18714
18715
18716
18717
18718
18719
18720
18721
18722
18723
18724
18725
18726
18727
18728
18729
18730
18731
18732
18734
18735
18736
18737
18738
18739
18741
18743
18744
18745
18747
18748
18749
18750
18751
18752
18753
18754
18755
18756
18757
18758
18759
18760
18761
18762
18763
18764
18765
18766
18767
18768
18770
18771
18772
18774
18775
18776
18777
18779
18780
18781
18783
18784
18785
18786
18788
18789
18790
18791
18792
18794
18795
18796
18797
18798
18799
18800
18801
18802
18804
18805
18806
18807
18808
18809
18810
18811
18812
18813
18814
18815
18816
18817
18818
18819
18820
18821
18822
18824
18825
18826
18827
18828
18829
18830
18831
18832
18833
18834
18835
18836
18837
18838
18839
18840
18841
18842
18843